function [cmap] = laser_cmap()
cmap = [0.0104         0         0
    0.0208         0         0
    0.0313         0         0
    0.0417         0         0
    0.0521         0         0
    0.0625         0         0
    0.0729         0         0
    0.0833         0         0
    0.0938         0         0
    0.1042         0         0
    0.1146         0         0
    0.1250         0         0
    0.1354         0         0
    0.1458         0         0
    0.1563         0         0
    0.1667         0         0
    0.1771         0         0
    0.1875         0         0
    0.1979         0         0
    0.2083         0         0
    0.2188         0         0
    0.2292         0         0
    0.2396         0         0
    0.2500         0         0
    0.2604         0         0
    0.2708         0         0
    0.2813         0         0
    0.2917         0         0
    0.3021         0         0
    0.3125         0         0
    0.3229         0         0
    0.3333         0         0
    0.3438         0         0
    0.3542         0         0
    0.3646         0         0
    0.3750         0         0
    0.3854         0         0
    0.3958         0         0
    0.4063         0         0
    0.4167         0         0
    0.4271         0         0
    0.4375         0         0
    0.4479         0         0
    0.4583         0         0
    0.4688         0         0
    0.4792         0         0
    0.4896         0         0
    0.5000         0         0
    0.5104         0         0
    0.5208         0         0
    0.5313         0         0
    0.5417         0         0
    0.5521         0         0
    0.5625         0         0
    0.5729         0         0
    0.5833         0         0
    0.5938         0         0
    0.6042         0         0
    0.6146         0         0
    0.6250         0         0
    0.6354         0         0
    0.6458         0         0
    0.6563         0         0
    0.6667         0         0
    0.6771         0         0
    0.6875         0         0
    0.6979         0         0
    0.7083         0         0
    0.7188         0         0
    0.7292         0         0
    0.7396         0         0
    0.7500         0         0
    0.7604         0         0
    0.7708         0         0
    0.7813         0         0
    0.7917         0         0
    0.8021         0         0
    0.8125         0         0
    0.8229         0         0
    0.8333         0         0
    0.8438         0         0
    0.8542         0         0
    0.8646         0         0
    0.8750         0         0
    0.8854         0         0
    0.8958         0         0
    0.9063         0         0
    0.9167         0         0
    0.9271         0         0
    0.9375         0         0
    0.9479         0         0
    0.9583         0         0
    0.9688         0         0
    0.9792         0         0
    0.9896         0         0
    1.0000         0         0];

end